-4.22085322765466e-11 
-4.22085321639360e-11 
-4.22085321639242e-11 
-4.22085321639235e-11 
-4.22085321639370e-11 
-4.22085322765464e-11 
-4.03262671685052e-11 
-4.03262675944242e-11 
-4.03262675944429e-11 
-4.03262675944416e-11 
-4.03262675944256e-11 
-4.03262671685049e-11 
-4.20667824096382e-11 
-4.20667824096330e-11 
-4.20667828952706e-11 
-4.20667828952671e-11 
-4.20667827978567e-11 
-4.20667827978430e-11 
-4.20667827978412e-11 
-4.20667827978581e-11 
-4.20667828952656e-11 
-4.20667828952716e-11 
-4.20667824096324e-11 
-4.20667824096385e-11 
-4.14004728627518e-11 
-4.14004728627748e-11 
-4.14004744145989e-11 
-4.14004744146018e-11 
-4.14004723160144e-11 
-4.14004723160200e-11 
-4.14004723160174e-11 
-4.14004723160171e-11 
-4.14004744145999e-11 
-4.14004744146007e-11 
-4.14004728627738e-11 
-4.14004728627520e-11 
-4.32461407229840e-11 
-4.24462603900433e-11 
-4.24462603900386e-11 
-4.24462605504477e-11 
-4.24462605504518e-11 
-4.32461414107226e-11 
-4.32461414107187e-11 
-4.24462594801660e-11 
-4.24462594801845e-11 
-4.24462594801817e-11 
-4.24462594801685e-11 
-4.32461414107161e-11 
-4.32461414107249e-11 
-4.24462605504496e-11 
-4.24462605504494e-11 
-4.24462603900371e-11 
-4.24462603900441e-11 
-4.32461407229837e-11 
-4.25664579141688e-11 
-4.24614800418010e-11 
-4.24614800417958e-11 
-4.24614818346145e-11 
-4.24614818346168e-11 
-4.25664567424238e-11 
-4.25664567424258e-11 
-4.24614795962981e-11 
-4.24614795963035e-11 
-4.24614795963003e-11 
-4.24614795963013e-11 
-4.25664567424227e-11 
-4.25664567424265e-11 
-4.24614818346142e-11 
-4.24614818346168e-11 
-4.24614800417949e-11 
-4.24614800418012e-11 
-4.25664579141682e-11 
-4.41427589975992e-11 
-4.41427589975886e-11 
-4.35107214568910e-11 
-4.35107214568944e-11 
-4.35107220454972e-11 
-4.35107220454978e-11 
-4.41427610312979e-11 
-4.41427610313125e-11 
-4.41427584428585e-11 
-4.41427584428385e-11 
-4.35107228263330e-11 
-4.35107228263463e-11 
-4.35107228263428e-11 
-4.35107228263364e-11 
-4.41427584428348e-11 
-4.41427584428616e-11 
-4.41427610313098e-11 
-4.41427610312998e-11 
-4.35107220454959e-11 
-4.35107220454987e-11 
-4.35107214568925e-11 
-4.35107214568923e-11 
-4.41427589975875e-11 
-4.41427589975993e-11 
-4.41322845123426e-11 
-4.41322845123406e-11 
-4.40278722431951e-11 
-4.40278722431793e-11 
-4.40278728479323e-11 
-4.40278728479332e-11 
-4.41322866930610e-11 
-4.41322866930833e-11 
-4.41322844226331e-11 
-4.41322844226352e-11 
-4.40278714339083e-11 
-4.40278714339127e-11 
-4.40278714339087e-11 
-4.40278714339125e-11 
-4.41322844226317e-11 
-4.41322844226363e-11 
-4.41322866930797e-11 
-4.41322866930641e-11 
-4.40278728479296e-11 
-4.40278728479343e-11 
-4.40278722431776e-11 
-4.40278722431957e-11 
-4.41322845123395e-11 
-4.41322845123436e-11 
-4.58774657272499e-11 
-4.58417030232769e-11 
-4.58417030232755e-11 
-4.53549887187106e-11 
-4.53549887187144e-11 
-4.53549875933995e-11 
-4.53549875934129e-11 
-4.58417053057846e-11 
-4.58417053057787e-11 
-4.58774657430737e-11 
-4.58774657430697e-11 
-4.58417021066488e-11 
-4.58417021066536e-11 
-4.53549892724020e-11 
-4.53549892723994e-11 
-4.53549892723959e-11 
-4.53549892724050e-11 
-4.58417021066494e-11 
-4.58417021066520e-11 
-4.58774657430660e-11 
-4.58774657430767e-11 
-4.58417053057763e-11 
-4.58417053057866e-11 
-4.53549875934106e-11 
-4.53549875934007e-11 
-4.53549887187123e-11 
-4.53549887187121e-11 
-4.58417030232746e-11 
-4.58417030232768e-11 
-4.58774657272490e-11 
-4.71690856255125e-11 
-4.71235746782573e-11 
-4.71235746782543e-11 
-4.68437913601895e-11 
-4.68437913601903e-11 
-4.68437901336903e-11 
-4.68437901336901e-11 
-4.71235770911756e-11 
-4.71235770911858e-11 
-4.71690855701433e-11 
-4.71690855701442e-11 
-4.71235737458151e-11 
-4.71235737458162e-11 
-4.68437919369785e-11 
-4.68437919369946e-11 
-4.68437919369906e-11 
-4.68437919369823e-11 
-4.71235737458126e-11 
-4.71235737458183e-11 
-4.71690855701402e-11 
-4.71690855701466e-11 
-4.71235770911825e-11 
-4.71235770911779e-11 
-4.68437901336880e-11 
-4.68437901336912e-11 
-4.68437913601882e-11 
-4.68437913601911e-11 
-4.71235746782534e-11 
-4.71235746782575e-11 
-4.71690856255118e-11 
-4.73249778323472e-11 
-4.73249778323559e-11 
-4.72695606587752e-11 
-4.72695606587805e-11 
-4.72695611537360e-11 
-4.72695611537306e-11 
-4.73249800905469e-11 
-4.73249800905509e-11 
-4.73249777958644e-11 
-4.73249777958619e-11 
-4.72695597278680e-11 
-4.72695597278712e-11 
-4.72695597278677e-11 
-4.72695597278713e-11 
-4.73249777958587e-11 
-4.73249777958676e-11 
-4.73249800905480e-11 
-4.73249800905487e-11 
-4.72695611537273e-11 
-4.72695611537387e-11 
-4.72695606587784e-11 
-4.72695606587762e-11 
-4.73249778323544e-11 
-4.73249778323473e-11 
-5.02562339848115e-11 
-5.02562339848083e-11 
-4.98003911049125e-11 
-4.98003911049092e-11 
-4.98003917825160e-11 
-4.98003917825231e-11 
-5.02562363237199e-11 
-5.02562363237222e-11 
-5.02562333124991e-11 
-5.02562333125076e-11 
-4.98003926977862e-11 
-4.98003926977884e-11 
-4.98003926977849e-11 
-4.98003926977891e-11 
-5.02562333125043e-11 
-5.02562333125022e-11 
-5.02562363237191e-11 
-5.02562363237223e-11 
-4.98003917825213e-11 
-4.98003917825172e-11 
-4.98003911049074e-11 
-4.98003911049140e-11 
-5.02562339848071e-11 
-5.02562339848116e-11 
-5.04833374632607e-11 
-5.04138793373638e-11 
-5.04138793373643e-11 
-5.04138813855987e-11 
-5.04138813855913e-11 
-5.04833360975666e-11 
-5.04833360975701e-11 
-5.04138788083427e-11 
-5.04138788083452e-11 
-5.04138788083422e-11 
-5.04138788083462e-11 
-5.04833360975668e-11 
-5.04833360975695e-11 
-5.04138813855888e-11 
-5.04138813856003e-11 
-5.04138793373632e-11 
-5.04138793373640e-11 
-5.04833374632605e-11 
-5.46154680289707e-11 
-5.38863244670071e-11 
-5.38863244670037e-11 
-5.38863246844824e-11 
-5.38863246844862e-11 
-5.46154688742685e-11 
-5.46154688742719e-11 
-5.38863234215182e-11 
-5.38863234215021e-11 
-5.38863234214993e-11 
-5.38863234215207e-11 
-5.46154688742692e-11 
-5.46154688742702e-11 
-5.38863246844843e-11 
-5.38863246844842e-11 
-5.38863244670024e-11 
-5.38863244670078e-11 
-5.46154680289695e-11 
-5.44133162321392e-11 
-5.44133162321355e-11 
-5.44133181583582e-11 
-5.44133181583636e-11 
-5.44133155073671e-11 
-5.44133155073742e-11 
-5.44133155073716e-11 
-5.44133155073692e-11 
-5.44133181583617e-11 
-5.44133181583597e-11 
-5.44133162321345e-11 
-5.44133162321394e-11 
-5.87323271955191e-11 
-5.87323271955186e-11 
-5.87323278105427e-11 
-5.87323278105426e-11 
-5.87323276886505e-11 
-5.87323276886661e-11 
-5.87323276886645e-11 
-5.87323276886522e-11 
-5.87323278105412e-11 
-5.87323278105439e-11 
-5.87323271955177e-11 
-5.87323271955190e-11 
-5.79555515623897e-11 
-5.79555521257606e-11 
-5.79555521257573e-11 
-5.79555521257561e-11 
-5.79555521257619e-11 
-5.79555515623900e-11 
-6.28883015935985e-11 
-6.28883014360281e-11 
-6.28883014360314e-11 
-6.28883014360307e-11 
-6.28883014360286e-11 
-6.28883015935982e-11 
6.28883015257181e-11 
6.28883013681524e-11 
6.28883013681517e-11 
6.28883013681507e-11 
6.28883013681532e-11 
6.28883015257183e-11 
5.79555514949233e-11 
5.79555520582886e-11 
5.79555520582865e-11 
5.79555520582849e-11 
5.79555520582902e-11 
5.79555514949233e-11 
5.87323271284989e-11 
5.87323271284991e-11 
5.87323277435199e-11 
5.87323277435295e-11 
5.87323276216337e-11 
5.87323276216500e-11 
5.87323276216477e-11 
5.87323276216363e-11 
5.87323277435282e-11 
5.87323277435217e-11 
5.87323271284988e-11 
5.87323271285002e-11 
5.44133161659762e-11 
5.44133161659791e-11 
5.44133180922105e-11 
5.44133180922096e-11 
5.44133154412094e-11 
5.44133154412145e-11 
5.44133154412112e-11 
5.44133154412129e-11 
5.44133180922077e-11 
5.44133180922128e-11 
5.44133161659784e-11 
5.44133161659772e-11 
5.46154679633828e-11 
5.38863244013850e-11 
5.38863244013805e-11 
5.38863246188525e-11 
5.38863246188601e-11 
5.46154688086795e-11 
5.46154688086829e-11 
5.38863233558936e-11 
5.38863233558826e-11 
5.38863233558791e-11 
5.38863233558976e-11 
5.46154688086803e-11 
5.46154688086831e-11 
5.38863246188580e-11 
5.38863246188554e-11 
5.38863244013793e-11 
5.38863244013868e-11 
5.46154679633840e-11 
5.04833373986503e-11 
5.04138792727408e-11 
5.04138792727401e-11 
5.04138813209732e-11 
5.04138813209698e-11 
5.04833360329554e-11 
5.04833360329569e-11 
5.04138787437158e-11 
5.04138787437201e-11 
5.04138787437157e-11 
5.04138787437202e-11 
5.04833360329532e-11 
5.04833360329599e-11 
5.04138813209670e-11 
5.04138813209762e-11 
5.04138792727393e-11 
5.04138792727426e-11 
5.04833373986509e-11 
5.02562339207386e-11 
5.02562339207411e-11 
4.98003910408166e-11 
4.98003910408139e-11 
4.98003917184210e-11 
4.98003917184263e-11 
5.02562362596529e-11 
5.02562362596580e-11 
5.02562332484403e-11 
5.02562332484443e-11 
4.98003926336845e-11 
4.98003926336961e-11 
4.98003926336915e-11 
4.98003926336894e-11 
5.02562332484402e-11 
5.02562332484449e-11 
5.02562362596544e-11 
5.02562362596574e-11 
4.98003917184244e-11 
4.98003917184245e-11 
4.98003910408126e-11 
4.98003910408189e-11 
5.02562339207409e-11 
5.02562339207397e-11 
4.73249777692224e-11 
4.73249777692258e-11 
4.72695605956406e-11 
4.72695605956465e-11 
4.72695610905909e-11 
4.72695610905951e-11 
4.73249800274187e-11 
4.73249800274245e-11 
4.73249777327383e-11 
4.73249777327460e-11 
4.72695596647295e-11 
4.72695596647355e-11 
4.72695596647308e-11 
4.72695596647346e-11 
4.73249777327417e-11 
4.73249777327430e-11 
4.73249800274204e-11 
4.73249800274232e-11 
4.72695610905923e-11 
4.72695610905943e-11 
4.72695605956444e-11 
4.72695605956427e-11 
4.73249777692262e-11 
4.73249777692237e-11 
4.71690855628778e-11 
4.71235746156091e-11 
4.71235746156046e-11 
4.68437912975228e-11 
4.68437912975253e-11 
4.68437900710242e-11 
4.68437900710241e-11 
4.71235770285348e-11 
4.71235770285393e-11 
4.71690855075040e-11 
4.71690855075061e-11 
4.71235736831699e-11 
4.71235736831703e-11 
4.68437918743082e-11 
4.68437918743256e-11 
4.68437918743206e-11 
4.68437918743136e-11 
4.71235736831654e-11 
4.71235736831749e-11 
4.71690855075022e-11 
4.71690855075086e-11 
4.71235770285361e-11 
4.71235770285390e-11 
4.68437900710219e-11 
4.68437900710274e-11 
4.68437912975241e-11 
4.68437912975257e-11 
4.71235746156039e-11 
4.71235746156106e-11 
4.71690855628785e-11 
4.58774656654294e-11 
4.58417029614444e-11 
4.58417029614486e-11 
4.53549886568520e-11 
4.53549886568644e-11 
4.53549875315530e-11 
4.53549875315606e-11 
4.58417052439555e-11 
4.58417052439500e-11 
4.58774656812511e-11 
4.58774656812517e-11 
4.58417020448230e-11 
4.58417020448235e-11 
4.53549892105423e-11 
4.53549892105487e-11 
4.53549892105439e-11 
4.53549892105476e-11 
4.58417020448192e-11 
4.58417020448279e-11 
4.58774656812474e-11 
4.58774656812555e-11 
4.58417052439471e-11 
4.58417052439596e-11 
4.53549875315581e-11 
4.53549875315568e-11 
4.53549886568629e-11 
4.53549886568547e-11 
4.58417029614481e-11 
4.58417029614460e-11 
4.58774656654298e-11 
4.41322844508606e-11 
4.41322844508524e-11 
4.40278721816871e-11 
4.40278721816684e-11 
4.40278727864196e-11 
4.40278727864246e-11 
4.41322866315715e-11 
4.41322866315860e-11 
4.41322843611379e-11 
4.41322843611409e-11 
4.40278713724049e-11 
4.40278713724111e-11 
4.40278713724057e-11 
4.40278713724100e-11 
4.41322843611364e-11 
4.41322843611433e-11 
4.41322866315817e-11 
4.41322866315763e-11 
4.40278727864218e-11 
4.40278727864228e-11 
4.40278721816669e-11 
4.40278721816896e-11 
4.41322844508522e-11 
4.41322844508623e-11 
4.41427589367587e-11 
4.41427589367543e-11 
4.35107213960314e-11 
4.35107213960244e-11 
4.35107219846333e-11 
4.35107219846389e-11 
4.41427609704708e-11 
4.41427609704893e-11 
4.41427583820289e-11 
4.41427583820137e-11 
4.35107227654628e-11 
4.35107227654798e-11 
4.35107227654752e-11 
4.35107227654679e-11 
4.41427583820093e-11 
4.41427583820336e-11 
4.41427609704859e-11 
4.41427609704745e-11 
4.35107219846366e-11 
4.35107219846366e-11 
4.35107213960230e-11 
4.35107213960338e-11 
4.41427589367540e-11 
4.41427589367595e-11 
4.25664578535862e-11 
4.24614799811919e-11 
4.24614799811986e-11 
4.24614817740034e-11 
4.24614817740101e-11 
4.25664566818331e-11 
4.25664566818368e-11 
4.24614795356998e-11 
4.24614795357038e-11 
4.24614795356995e-11 
4.24614795357040e-11 
4.25664566818333e-11 
4.25664566818372e-11 
4.24614817740075e-11 
4.24614817740070e-11 
4.24614799811975e-11 
4.24614799811945e-11 
4.25664578535867e-11 
4.32461406629054e-11 
4.24462603299233e-11 
4.24462603299232e-11 
4.24462604903339e-11 
4.24462604903350e-11 
4.32461413506444e-11 
4.32461413506307e-11 
4.24462594200504e-11 
4.24462594200644e-11 
4.24462594200610e-11 
4.24462594200542e-11 
4.32461413506275e-11 
4.32461413506483e-11 
4.24462604903327e-11 
4.24462604903364e-11 
4.24462603299225e-11 
4.24462603299256e-11 
4.32461406629058e-11 
4.14004728028083e-11 
4.14004728028255e-11 
4.14004743546537e-11 
4.14004743546589e-11 
4.14004722560682e-11 
4.14004722560775e-11 
4.14004722560742e-11 
4.14004722560715e-11 
4.14004743546570e-11 
4.14004743546564e-11 
4.14004728028249e-11 
4.14004728028094e-11 
4.20667823500344e-11 
4.20667823500326e-11 
4.20667828356712e-11 
4.20667828356649e-11 
4.20667827382527e-11 
4.20667827382411e-11 
4.20667827382387e-11 
4.20667827382557e-11 
4.20667828356635e-11 
4.20667828356731e-11 
4.20667823500319e-11 
4.20667823500354e-11 
4.03262671089648e-11 
4.03262675348870e-11 
4.03262675349066e-11 
4.03262675349051e-11 
4.03262675348888e-11 
4.03262671089649e-11 
4.22085322172765e-11 
4.22085321046704e-11 
4.22085321046605e-11 
4.22085321046597e-11 
4.22085321046713e-11 
4.22085322172766e-11 
